-0.38261669359071998064 -0.60546974381170071133 -0.6978616303496694151
0.65982328546012602999 -0.36921040199966220774 -0.65445925084748612921
0.92603708282368990545 0.22476123238754819322 0.30321231777587964729
-0.75417581581981474326 0.45765630049247690847 0.47092414405300608848
-0.50299289340380692881 0.055093245499555451583 0.86253283038130912352
0.89922200192908186001 0.064797868548506887265 0.43266734043399257548
0.40962978093126362067 0.3030412034421224865 0.86044725090533880074
-0.71762975173268639395 0.19590929191573222545 0.66830164504448086316
0.65151988834273366624 -0.30294387495080499217 -0.69551911815827383023
-0.87203070058213572047 -0.10976373499569565262 -0.47698467451483611557

